490.149666
486.832916
496.296393
514.123374
499.343104
502.103042
487.196617
489.748393
494.448361
490.642398
492.201408
487.408336
503.462371
498.050149
499.656981
478.710089
478.387362
505.861686
482.410674
485.882473
519.076894
491.148159
496.188029
502.467656
505.434574
502.974457
500.131916
519.515903
501.490903
515.804796
500.395330
517.260290
493.853971
496.979505
521.442764
501.517946
494.465404
492.573391
498.029563
507.591143
503.412184
510.828564
502.350852
496.889028
510.382134
490.670239
488.969176
499.209146
504.807201
505.818204
499.408914
498.846146
496.234503
506.856130
482.492250
492.235275
501.399178
490.093228
515.733537
490.857886
498.890924
512.026178
496.466289
510.384656
510.872106
497.496553
497.021287
499.036451
501.516832
494.421341
500.901619
499.126589
499.022718
495.341967
497.465588
504.977440
505.440585
498.064923
503.047769
506.226562
501.062036
504.313325
493.198572
507.192624
502.368704
502.612121
491.376493
487.762341
498.899248
502.623727
505.495020
498.029052
510.009982
501.015501
494.041865
518.089204
505.999363
513.517307
499.394549
494.626130
495.045183
522.298187
515.139453
503.698256
509.651817
507.067315
486.624079
477.665224
514.497951
505.152064
506.927952
504.225900
484.135169
507.866519
509.742496
508.379818
496.433723
518.078680
494.170813
503.723013
500.260154
498.331319
505.300209
511.428454
510.872621
493.762183
511.410080
497.389992
499.838512
497.863355
492.063385
497.927932
499.308377
523.715651
501.963267
510.267198
500.038729
491.598729
499.755906
503.927401
495.715667
493.058139
492.955587
503.375297
514.680895
491.339885
503.645849
503.188120
499.424172
512.115436
486.929523
497.191218
495.063743
508.074934
499.572243
500.400439
500.912422
511.783124
505.586194
500.495886
520.655864
482.530204
503.500139
501.884517
512.336623
511.526867
525.297210
516.349132
507.204409
481.428113
510.505424
508.236551
486.817893
503.638402
495.384930
508.635444
500.463725
499.576886
506.445265
498.503545
496.654003
503.969107
506.249769
488.987011
491.938046
496.899510
492.956022
504.857927
492.029540
500.008102
494.944045
506.624550
497.897946
498.918595
498.925120
510.021667
506.013830
504.871631
519.412712
504.107860
481.039988
489.635218
494.155924
503.575307
496.099698
497.168432
488.402028
501.557290
491.950519
508.522343
507.897876
497.686125
488.578843
506.017247
489.788646
502.610211
504.834070
496.012040
505.132638
505.136254
504.948716
508.175947
489.830380
508.579368
502.996037
515.020884
513.067447
488.277759
491.651933
498.049164
502.175548
514.316302
495.678683
508.906196
512.058098
523.957322
513.294799
509.237689
492.874822
501.485857
502.351662
522.782665
499.066155
489.611507
494.418559
503.524722
510.032582
492.538183
508.122963
500.374670
490.311653
507.954366
491.382626
495.431154
496.589271
493.827953
496.463968
511.989136
511.015830
502.191697
517.052472
511.342881
495.206130
500.241826
492.422730
499.149408
498.117270
506.425321
501.281580
518.443860
512.532233
517.206061
503.367811
498.382594
493.464300
509.585313
484.108588
496.156686
485.122479
487.731497
498.241671
500.990424
512.957381
497.814788
503.252120
501.271027
487.356659
506.585890
509.460748
491.740183
502.108602
521.307018
504.462980
507.462744
517.506439
508.097904
502.820174
483.780309
510.059043
499.976348
495.226283
513.374704
484.244620
487.831049
500.930234
510.210036
508.901357
502.456564
504.854152
490.393237
513.037253
497.707247
505.452756
517.136912
482.114422
483.305757
487.615861
506.452163
489.813644
504.997887
503.447910
475.882351
507.736238
515.619150
492.857177
503.818918
481.421773
501.287571
497.448802
506.062879
498.148503
519.544649
515.464451
495.943219
498.573753
505.213876
488.267849
492.304952
505.059742
509.377610
501.566377
510.739062
497.375062
520.647072
496.423438
480.190780
498.300464
493.047595
491.700698
505.805703
492.712419
500.416600
501.474231
514.332510
502.237506
500.522047
493.454203
496.699138
514.713492
503.288102
498.181036
504.471683
507.001500
527.419092
512.146081
493.173278
498.606397
490.371605
498.020626
499.986277
502.052117
503.560087
511.451172
504.875353
506.427532
492.951078
511.884825
517.128729
500.969063
490.626503
496.585498
499.531677
496.251894
493.841355
495.905519
505.318303
502.468495
509.930575
508.357819
513.524739
500.057345
509.214515
496.298466
489.474636
509.576774
511.161628
494.300381
508.367734
523.118983
495.451272
504.564278
497.326885
491.300434
500.969666
478.685073
510.580797
510.052281
492.766464
513.305203
486.513426
507.185554
500.470359
493.626241
508.339232
490.007406
499.821056
504.850270
477.787952
483.702891
502.144927
511.008776
492.878722
493.991741
486.739824
513.371339
497.157261
503.985239
496.254604
517.118045
482.516599
512.661210
526.567544
503.520151
519.555276
510.638930
498.725786
491.583581
502.368913
500.632694
498.800801
527.365089
484.334141
505.657912
493.352450
502.667204
508.053769
481.642713
486.570283
492.725274
493.059291
509.951366
477.950861
497.211787
511.177903
496.282704
491.251591
502.790756
502.948810
512.425667
502.002913
502.323882
508.412425
500.021175
504.353722
512.225822
511.500760
493.670716
495.962268
499.190604
500.967428
501.670992
504.466678
504.176381
488.238717
490.687397
505.596038
488.995543
494.067615
497.283405
512.616372
514.593222
509.793239
498.066853
522.653640
504.574475
502.809224
512.063080
500.469008
496.971718
500.887432
484.666579
500.725652
507.595601
498.296765
499.087514
490.156730
505.686020
503.162123
487.025375
521.124931
502.306799
486.127798
490.766781
492.229785
499.387857
504.040976
493.142340
496.303820
505.355492
514.593459
504.341073
506.527339
498.042235
489.259278
499.898867
510.663424
502.541186
487.169414
494.278930
501.476251
492.115585
497.134968
495.616597
501.639975
494.210212
504.114795
505.321987
515.672562
483.818121
482.059708
520.761504
494.137420
504.469085
515.768866
511.661115
491.041310
492.533096
500.719677
497.955454
514.048454
484.447471
512.259546
501.384748
489.835865
500.760927
501.591884
477.842153
505.219851
478.983346
503.494428
492.953409
493.814174
504.370877
499.355137
491.318629
505.828217
505.890402
496.294242
504.750307
491.384567
512.261708
508.890207
501.980290
486.447001
509.637816
504.719309
504.025236
510.045600
507.141629
502.505765
505.325828
509.606838
505.882186
489.977657
500.850003
490.581299
483.949594
492.055722
499.034923
504.303087
501.616931
490.419267
509.306668
497.947415
489.944569
491.170545
492.206761
492.329485
488.030422
495.642812
500.325211
483.182017
506.623046
508.349643
491.591714
500.595894
486.457330
507.268501
502.898434
494.593303
504.625333
479.437088
496.524543
513.683706
494.718696
495.224216
507.463387
502.990221
493.754150
516.265493
489.942368
495.804104
501.781163
503.550069
500.503629
508.597695
510.308869
506.826580
507.525000
500.381853
501.141814
510.123731
509.777726
497.236419
507.567925
495.686178
494.845398
495.750141
506.601740
498.521306
492.997200
495.618364
489.528313
501.590599
507.066695
506.702445
495.986330
496.963900
496.547068
511.775082
499.418178
495.407001
516.467300
489.127036
489.595108
494.632603
487.765002
496.489627
490.061491
503.624914
490.011583
503.428523
495.304740
506.411361
492.581673
499.634434
498.532783
499.263436
492.538073
514.680898
493.319763
503.774313
489.999393
507.319940
505.480242
488.801828
508.022375
479.640269
492.814758
494.670114
500.460498
483.657848
496.288529
498.202125
509.519294
484.421364
501.522391
508.056803
505.309106
513.892323
509.185879
510.800719
508.314030
503.908323
491.734920
503.793028
515.242971
504.003615
510.052743
485.309895
495.365758
492.125183
505.406531
492.161722
497.460910
511.312323
483.282818
502.423653
505.218787
493.028695
493.294152
504.119283
508.987047
498.481274
497.468861
487.239775
501.052583
490.626024
519.495583
507.172366
508.056416
495.134021
493.512965
506.774604
505.433630
503.758748
499.108251
500.054730
485.567451
512.342910
492.913807
503.351670
498.487497
505.940469
503.421876
507.041423
501.404675
510.429070
499.250459
484.336983
506.992283
487.678635
520.730249
493.826291
507.505093
502.711165
525.929926
506.354217
476.846733
490.406945
507.477795
496.778758
496.657895
509.659401
496.252634
487.331472
491.321514
507.603442
495.901874
493.187014
482.508501
499.951329
490.278604
512.679582
492.295420
504.001859
486.478612
487.249044
522.582790
493.299440
509.952791
501.038478
508.788888
486.235442
500.299674
497.630643
490.888339
489.207255
486.081547
511.007283
507.144862
492.723576
513.368872
508.489988
502.228975
481.755569
511.532114
488.666315
503.153021
509.611337
505.169305
494.297573
505.225062
485.123805
498.892607
511.338335
508.294064
502.268112
517.663869
496.504046
511.251165
510.291924
503.680986
490.500899
498.920168
517.239035
501.983837
494.585361
515.284677
495.262579
490.242749
496.506043
487.996735
512.794905
501.464331
492.107658
505.682900
487.551853
496.109803
502.804264
490.635737
499.966085
493.815355
498.108725
497.891018
496.725454
502.173072
500.927846
516.904685
499.170557
503.457923
514.549477
522.692920
493.598809
512.002733
501.649612
494.562493
511.536961
495.686512
482.929098
498.423359
499.322445
503.546118
509.272352
503.356421
503.804932
520.174441
501.820915
509.007273
482.607037
505.076659
496.693680
487.855070
515.392409
482.952855
500.727458
518.214500
500.333090
505.519127
508.443726
488.058145
497.587315
492.462552
505.427638
509.202891
505.973084
494.691050
509.114379
489.682717
499.949872
505.537800
504.825478
509.180906
507.634326
496.993350
493.505780
489.498419
497.356008
501.255398
508.154726
507.805669
513.848302
504.494481
493.010572
491.870652
522.650710
488.865906
496.637700
496.859901
497.684497
503.293578
498.327998
504.137488
491.882721
490.878579
503.432251
509.409444
493.595448
496.053336
509.485075
486.779559
502.798501
501.866209
488.817091
497.897038
495.024227
490.874668
494.523387
506.359632
491.277195
506.105487
509.753234
487.614170
509.468366
492.237850
483.259879
505.446823
503.479314
501.840370
488.196850
523.501727
515.404109
505.456887
507.752868
493.126807
492.151942
496.616733
487.473474
487.666530
506.642042
506.844896
494.400304
514.378538
516.761289
494.577297
495.299490
489.428111
505.632351
501.233139
493.191267
503.858412
504.170515
491.481015
494.783054
494.258498
496.049078
490.138553
479.476996
503.275243
506.468131
493.189378
511.750127
507.059485
487.041140
500.258791
504.511137
486.489153
493.125211
496.963659
498.284498
501.281110
500.298433
508.057032
499.042315
489.731164
501.348024
500.294378
498.742064
496.799947
498.678994
512.396051
507.070282
504.339240
498.711828
504.814288
493.801725
515.668462
494.112662
495.110065
496.965156
494.030519
482.859961
495.881927
499.009282
516.502903
494.839773
492.317695
489.308980
495.184245
512.794963
500.093925
479.532125
500.839907
506.064283
496.331725
502.479612
499.923543
505.686604
503.121828
495.751804
489.302386
496.977537
505.008957
481.551805
509.528115
503.426637
501.937371
495.619611
491.345605
491.632259
